dim=3
arts:1,1931,6337,4140
diseases:1,3482,5099,6332
discontent:1,2405,3314,3477
snowflakes:1,2794,5325,3321
beetles:1,1826,3876,6170
marengo:1,2383,4259,2065
disquiet:1,2861,3941,5024
committing:1,5513,4149,4937
madere:1,2524,3549,4574
attendre:1,3636,5015,6001
aboveboard:1,3459,4481,5351
uncomplaining:1,3965,5564,7070
reputations:1,3265,7281,4820
wrangle:1,2688,1998,4927
labored:1,2791,2593,3238
presumably:1,3705,6314,5660
needful:1,2841,6812,2462
panins:1,3691,2612,7077
maddened:1,3081,6577,2788
melk:1,6191,4407,3237
requires:1,1586,3673,4136
enchantment:1,5036,5034,6477
lacerating:1,1696,7458,2786
castanets:1,3883,5423,2269
bombard:1,2841,7608,3279
whist:1,1914,2635,6270
riverbanks:1,3665,4411,3766
ace:1,3869,3805,1908
posters:1,1841,4901,3292
unevoked:1,1816,5490,3942
renovation:1,5703,6235,3833
emigrate:1,3093,5803,5761
grassland:1,2018,5464,3180
accommodated:1,5440,8314,7943
maggot:1,1567,3254,3224
oily:1,2408,5624,4301
nymphe:1,5334,2753,4634
gushing:1,2933,3718,5745
collector:1,2928,4373,7076
fain:1,5089,5733,4978
gag:1,2324,6210,5072
allopaths:1,2666,5996,3715
contiguous:1,3278,2739,7439
pardonner:1,2014,5686,6607
prose:1,3921,6967,8133
unnaturalness:1,1770,4119,2877
unprofitable:1,2116,3568,2333
petrified:1,3549,5536,8238
cited:1,3358,4718,7293
wrongdoing:1,4402,4692,7139
vessels:1,6309,5087,4051
ominously:1,5096,4233,4240
beauche:1,3470,5815,8200
resignedly:1,2156,5183,1664
rire:1,2722,4722,7352
chatty:1,4909,5201,3527
scudding:1,6487,3998,4250
absurdly:1,3847,4371,1577
repacked:1,4128,5639,8659
densely:1,2401,7132,3206
susceptible:1,3713,2749,6071
chafing:1,2166,2884,3989
stupendous:1,5570,5730,5917
praskovya:1,1542,4229,3907
bandoliers:1,3992,6661,6322
beginnings:1,2794,4133,5568
mirthful:1,2634,6413,6465
reeling:1,6146,4294,5393
evildoer:1,1552,5166,594
aligning:1,3331,7414,8592
frustrate:1,4585,3348,7579
garrulous:1,2389,6237,2308
consummate:1,3111,4436,1627
brusquely:1,3687,5199,5230
sirin:1,2333,4004,4855
verlust:1,2201,5142,758
bykov:1,2301,3446,5580
lordship:1,3209,6714,7745
births:1,5523,4296,3221
protectress:1,3577,4643,2943
apollon:1,808,5371,4934
robs:1,8337,3791,2262
plots:1,2170,3839,3920
oho:1,3006,7829,3059
scurry:1,6959,5359,5458
decanters:1,1175,2191,6173
purloined:1,1323,4109,799
ravish:1,7857,3489,1295
meanings:1,3869,3000,5071
heretofore:1,5177,5796,3563
forties:1,1525,4330,4572
repeats:1,570,3128,3277
p'waps:1,3672,3022,4926
infringe:1,2596,5663,2465
despises:1,2882,3932,2272
misrepeated:1,4925,4418,3747
ensuring:1,2715,2005,6851
vierge:1,3832,7802,3634
connaissez:1,9999,3818,1383
athwart:1,4755,5963,5880
pigeonholes:1,3323,5026,7162
patties:1,1882,4690,2529
belying:1,4067,5686,1552
bremen:1,1182,2945,4820
gnashed:1,3216,5550,8720
mismanagement:1,4355,4946,4172
scuffle:1,8054,5253,2484
plighted:1,2109,3431,6983
tolerant:1,3201,8224,4790
aloft:1,4944,3378,5875
grazed:1,3738,5495,7259
vinesse:1,853,3411,6635
apprehend:1,2378,5887,4353
summertime:1,8679,4120,1750
worshiper:1,2232,3881,3714
scabbards:1,3631,2759,4164
ensnared:1,795,4854,2641
suspicions:1,4122,3053,6082
raven:1,1222,5251,3429
antagonism:1,7105,5165,2012
sausages:1,1567,5170,3382
trustfulness:1,3349,7271,4150
concealment:1,4252,2758,6065
seductive:1,4632,5512,9165
candidly:1,3811,4743,5949
stupefaction:1,2695,6362,7162
launched:1,3645,5785,5816
endearment:1,3832,1413,4643
unprecedented:1,321,3766,3678
identically:1,5263,3784,3636
tackle:1,2169,4267,2831
unapproachability:1,2388,2574,8218
plottings:1,3116,3590,4085
shatter:1,4651,5421,3658
production:1,2667,4706,4909
souled:1,2683,5344,7341
legitimation:1,2730,4793,5126
defenseless:1,3875,3992,7614
misericorde:1,4253,3789,7761
bleared:1,2739,2246,7363
tuning:1,2583,0,7735
widows:1,4737,3945,6416
undermined:1,7374,5346,4559
compactly:1,6201,6021,4403
soiled:1,1440,4392,5641
mein:1,2549,5021,5198
booths:1,3259,5634,6036
hinting:1,3538,4727,5298
spends:1,3250,4535,1387
carters:1,4064,6134,6239
inadequately:1,4108,4629,5721
outlet:1,5483,8646,5701
plashed:1,2089,7717,4588
mainly:1,2514,5698,1676
aye:1,2024,7818,4603
antidotes:1,2535,4250,3615
equitable:1,2798,5114,6029
bets:1,3337,6677,6549
dussek:1,2739,2517,3876
stealing:1,3734,5879,4884
sidled:1,5904,5126,2226
utterances:1,5716,7001,4907
exaggeration:1,3795,6366,3089
eckmuhl:1,2133,5823,3358
lombard:1,5932,4506,4174
transmoskva:1,2045,3821,4098
unexplored:1,2662,6022,3727
ambler:1,1824,7715,6300
dominant:1,4348,5218,3283
dolokhova:1,2741,5985,3284
nominally:1,3270,1777,3923
nicer:1,1631,5312,6640
privat:1,6551,2679,1989
innkeepers:1,4376,5518,4507
neithah:1,6143,4880,2009
overcast:1,6464,5341,4101
easygoing:1,4187,6104,4309
crest:1,6643,4221,4886
deploying:1,697,2756,5674
conductor:1,2615,2734,6272
detest:1,6099,5559,2704
agent:1,1315,6140,2830
accentuated:1,954,4825,7442
shah:1,2391,1926,5617
incognito:1,5331,6345,5205
accommodate:1,5482,3491,7318
devait:1,1949,6193,4653
idiocy:1,3145,4749,1368
konigsberg:1,3713,2298,5798
moroseness:1,3810,4152,1160
sta'ted:1,1653,5815,5165
dullness:1,8604,3340,903
sour:1,3980,5064,6180
suckling:1,1998,2305,3368
unlicked:1,3400,7039,6669
enfin:1,3565,4696,3373
jam:1,3399,5339,3826
lisa:1,2224,6536,3142
unsoundly:1,2194,2642,5041
basil:1,3086,6217,7158
knuckles:1,4751,7044,4072
enthusiasms:1,1300,6001,4409
deride:1,4728,5232,3673
powerfully:1,3044,6041,5661
autumnal:1,1072,5324,4204
exhilarating:1,2765,2648,4027
epiphany:1,4815,6454,6194
ascertained:1,1772,4820,2585
workings:1,4555,1689,6962
complied:1,4231,7004,6887
taciturnity:1,948,6826,5014
collects:1,2473,3514,5801
prided:1,2866,2320,4623
classed:1,2650,3171,6682
kibitka:1,5543,3679,3309
appeals:1,5992,5020,2310
plotted:1,1342,3643,3774
lozenges:1,4398,3370,4620
pineapple:1,6756,4616,4128
preliminary:1,2712,3880,7877
levity:1,6516,6262,3424
romping:1,2392,5523,3782
delegation:1,1840,2776,2846
cunctators:1,7645,2114,2574
jarring:1,2378,2420,2495
mistrusting:1,5429,7218,5552
friendliness:1,3180,6370,4105
principe:1,2439,5723,2306
akinfi:1,5073,6424,5463
whit:1,1973,4009,4884
ex'len:1,5327,5570,6217
wussian:1,6254,3127,4044
poignant:1,2413,5348,6570
trusts:1,5759,4518,1593
goatskin:1,677,3497,6517
innards:1,1845,5446,2988
sales:1,3731,2626,7408
tuesdays:1,1162,3805,2973
sedyablyaka:1,4751,6201,2193
pwonounce:1,4695,6448,4845
uglier:1,2582,7255,2630
clench:1,1620,3799,5371
overtures:1,4530,4639,2740
allons:1,7778,3485,4342
unmistakably:1,2351,5476,2269
goldbach:1,2692,5238,4790
secrete:1,2501,3286,2991
determines:1,2168,2011,6330
calamitous:1,2751,6958,5669
inert:1,2828,6177,5648
housewife:1,1948,4754,5950
messrs:1,1515,2055,6009
trilling:1,3859,5104,6060
invade:1,2525,7213,4560
cannons:1,4147,2428,3375
predominance:1,5385,5648,3466
holiness:1,3172,6034,4843
mutineers:1,3431,4198,4211
outweigh:1,3683,5420,7351
urusov:1,5039,5569,6214
flurry:1,5566,5958,4083
wallachian:1,4420,3753,2478
foemen:1,4309,3283,1274
starched:1,3048,5400,5966
wantonly:1,5859,4182,3214
untried:1,1544,5162,2865
repudiate:1,3861,6808,6744
unswervingly:1,3220,3226,7280
irrelevant:1,4503,5135,5219
underlip:1,2012,5938,4310
octogenarians:1,3097,5628,5064
unmeaningly:1,4098,3202,2252
upbringing:1,2924,3431,5920
baptism:1,3170,3789,3181
afflicted:1,709,3888,2926
caricature:1,2767,5992,6152
repairs:1,3997,3562,0
atrocities:1,1008,4448,3025
enrich:1,4137,4454,4956
embezzlement:1,4934,3750,8347
reprovingly:1,7732,6059,4828
evoke:1,3037,4726,4808
juiciness:1,3793,4555,9300
dregs:1,4393,3849,4065
twue:1,7138,2999,5768
envisagez:1,5153,4561,5573
bumped:1,7703,3802,1864
reviving:1,3202,4418,3328
founder:1,4995,3839,8361
scaevola:1,4763,2553,6047
hesitate:1,3973,5344,1749
replaited:1,5023,6291,2399
integration:1,3267,2456,5100
reconnaissante:1,3726,5641,4391
emulating:1,4913,5833,3323
cellaret:1,7784,4623,6598
possibilite:1,2548,2883,7826
invitingly:1,6311,3922,9252
prophet:1,3026,4591,5264
archway:1,3133,5350,7975
slav:1,2364,5227,7244
promptings:1,2061,2559,3186
felty:1,5678,5701,5778
attitudes:1,3421,3845,2239
cajolery:1,2808,4452,6938
ethical:1,4050,4102,7323
tss:1,5303,4597,4321
reassembled:1,5187,5966,6441
nikulins:1,3812,4751,6157
oval:1,2856,5253,4803
venomous:1,3327,4575,4023
nook:1,2941,7628,5227
discusses:1,3313,3357,5111
expressly:1,2837,3216,3932
blackest:1,8881,3864,1303
evaded:1,1791,5958,2533
parallelogram:1,2385,4100,6022
lazy:1,2896,4705,3670
levers:1,5031,5268,4341
relaxing:1,5905,6388,3894
scraps:1,4647,4536,5800
shallowness:1,2104,6082,2737
sein:1,5571,6476,2444
unclean:1,2542,4989,4841
illimitable:1,2307,4758,7093
jocularly:1,2740,5393,3791
enhanced:1,4303,6535,4101
zinaida:1,4873,5659,3761
expired:1,3695,6557,2663
upkeep:1,1704,5182,3272
voted:1,4885,4952,4399
mansions:1,3582,5537,6047
jesters:1,2105,4494,1712
deux:1,6154,4201,1851
intimidate:1,3577,8198,3748
croats:1,7596,4130,855
flutter:1,4050,6374,2805
nerve:1,2547,5263,1593
condolence:1,2303,3665,3978
penthouses:1,1808,5642,5249
sip:1,2759,4825,3573
capitaine:1,4677,5580,5764
edifices:1,1448,4561,5037
elastic:1,4706,5901,7401
sinks:1,1765,4091,4319
danilov:1,5752,4558,4733
impure:1,1624,3188,725
toyshop:1,3772,8342,7872
improving:1,2465,7747,2701
crisp:1,2082,4737,5837
perplexing:1,5482,5699,4796
wreaths:1,3799,4682,5101
refixing:1,1006,4426,3258
widden:1,1169,4886,3191
madmen:1,9877,3524,2494
sty:1,3821,6131,5809
plood:1,3398,7299,7733
scolded:1,2561,4057,5803
crossness:1,5119,3210,5772
commiserating:1,1739,3827,2504
perspective:1,2545,5029,4304
amen:1,4894,5424,3363
chime:1,3071,4461,2563
fallacious:1,3486,2229,6934
adapt:1,6253,3028,4532
faiwy:1,3640,4323,5331
commuted:1,3391,5707,6312
provender:1,2789,6031,4720
mironov:1,2720,5342,3183
braggart:1,3070,8117,2723
animating:1,2933,3210,3137
comment:1,5816,4320,6020
desist:1,2387,5858,2979
gentian:1,3381,6777,6372
spades:1,1747,5524,4896
clothed:1,4276,5362,5073
gachina:1,4506,5816,4783
maraude:1,2101,7505,4283
martyrdom:1,4502,6208,5101
dwagging:1,5379,5339,4003
consigned:1,1887,7464,5263
wenches:1,2457,7112,6099
piping:1,3158,7197,4302
successor:1,2169,2285,3727
theatre:1,6037,3219,3970
unfold:1,6379,4833,5736
suvara:1,3224,4799,4139
judgement:1,6457,4105,6640
mecklenburgers:1,4273,5466,4391
penitent:1,5164,5813,3806
denuded:1,4231,6806,4594
layer:1,3177,4397,3312
promenade:1,2399,5333,2854
orphan:1,2337,4825,5559
tierce:1,4737,3997,2193
muster:1,3273,5522,8012
indefiniteness:1,3748,5669,4227
twansports:1,3548,4891,6172
charpie:1,4882,1981,3295
conducts:1,6050,5378,2678
composite:1,3527,5785,4208
pelisses:1,3238,2340,2720
agwee:1,2208,2980,6455
reawoke:1,2632,3571,7862
excruciating:1,6469,4319,6218
spruce:1,3337,3821,4224
organ:1,5006,6745,5120
retraite:1,4822,4244,4707
violations:1,3332,4074,2249
rosier:1,4278,4715,6367
unquestionably:1,0,5688,2769
amicable:1,3779,4577,3543
pile:1,2505,5087,2317
descendant:1,1791,6579,4749
endears:1,2602,5319,5211
disinfected:1,3883,4470,4192
premeditation:1,5002,6321,3477
brozin:1,2697,1822,4130
divide:1,4713,3043,5672
identified:1,2812,6124,4727
melodious:1,2250,3752,5175
intimite:1,4462,5114,8434
retention:1,5832,3781,3642
transporting:1,7610,3286,1824
hardship:1,6197,4556,2797
sacredness:1,6996,4766,6087
prayerful:1,3778,3908,4407
rotate:1,4935,6159,8163
victor:1,4308,4527,3145
thinness:1,1958,3388,1321
inditing:1,2484,2603,4825
illusion:1,2604,3947,2248
golukhovski:1,4469,6523,4281
conceit:1,5056,4363,9018
satchels:1,3628,7151,5479
ruby:1,5024,3175,6566
ord:1,2840,3842,3278
unobtrusive:1,3539,5244,3516
aversion:1,1921,7403,2493
orphanage:1,1219,4101,3128
tunics:1,3218,4193,5750
outing:1,5607,5148,6506
blend:1,2993,6935,7718
flurrying:1,1789,2282,6208
augezd:1,2087,2529,7286
lavater:1,2467,3645,5828
se:1,571,2892,4881
quitrents:1,3257,6952,2909
bettah:1,4966,6922,7320
essentials:1,2883,1417,4161
nondescript:1,2229,4115,3563
insufferable:1,2108,3292,3730
deathly:1,2124,7205,3753
magnified:1,3915,4664,3072
countries:1,2155,4535,3751
deals:1,2126,4154,3127
impressing:1,3049,4643,6119
rebuilt:1,3936,4682,2159
bathing:1,2940,1110,6643
reek:1,2642,6337,5043
cuts:1,1856,4043,3239
drowsily:1,2080,3040,2861
nestlings:1,4199,4919,4331
trader:1,4146,4314,2470
wotten:1,4903,5099,3303
remorselessly:1,1951,5656,3575
mutations:1,1830,2136,6689
behaves:1,2417,4148,4369
mele:1,3151,5706,4746
forme:1,6932,3205,3807
eut:1,2958,7577,4248
stung:1,5580,3485,5280
steins:1,5546,5174,2400
semicircular:1,1565,2852,4164
leper:1,2375,8156,6146
miwacle:1,4201,3124,6836
borzozowska:1,2797,3873,4970
depending:1,5229,4060,2284
insists:1,1870,3245,5341
practically:1,3811,5502,5953
chinoises:1,3923,4500,5726
elicited:1,4677,5148,5685
strewed:1,1589,3653,3494
venomously:1,3518,4501,5605
uprightness:1,3596,4353,6104
imputed:1,2388,8274,3484
inexorable:1,1292,3827,3651
sauerkraut:1,1899,1475,6359
enslaved:1,3285,2567,6005
delude:1,5137,6019,7220
lanciers:1,7665,3538,2597
published:1,4104,6653,6156
jealo:1,4594,1063,4649
robbers:1,2526,6932,4603
peppered:1,2817,3568,8066
kalisch:1,2130,5438,5013
relive:1,4789,6363,6963
hofmarschal:1,2311,5134,2967
collections:1,5126,4673,1904
couldst:1,2093,3881,3590
wolfhounds:1,3706,3172,4324
preferable:1,1400,4880,2669
interlocutor:1,1787,1755,6137
prospective:1,3381,4243,3728
gas:1,5973,3462,7248
pacific:1,8748,3396,3679
camped:1,3114,4640,4094
empresses:1,4773,4463,8638
echelons:1,2777,4253,3681
courtesan:1,2252,4162,2337
hochgeboren:1,2555,6072,3742
mimicking:1,1270,3531,4116
wallflower:1,3587,5831,5637
nocturnes:1,6951,4727,3515
royaute:1,4300,5743,3298
elephant:1,2602,4814,3626
devises:1,9144,3913,2619
unpolished:1,6036,2624,4826
wheedled:1,3251,2495,5942
ladykins:1,3105,7256,4233
corporals:1,1662,3800,3986
plenary:1,3174,4217,3040
divested:1,2366,1682,4172
earnestness:1,1076,5731,2060
pump:1,1262,2956,7955
retuned:1,6087,6450,7155
noonday:1,2679,6655,4652
picturesque:1,4873,7069,4681
facilitating:1,3236,704,2529
helmet:1,3880,5787,6458
tweasuwy:1,2782,7435,3314
bravoure:1,8916,3908,1283
bugle:1,4354,3918,3677
paraphrase:1,4109,4574,2821
amenities:1,3034,5726,5385
plausible:1,5574,6123,6503
metaphysical:1,4362,5392,3971
shinshina:1,5806,5213,5608
usage:1,3555,7833,4092
confronting:1,3706,4122,7677
divest:1,1442,5012,2972
hardenburg:1,8637,4686,2963
gascon:1,3306,2256,6716
vicissitudes:1,4736,5733,5828
effectively:1,1561,4375,6880
trusting:1,3242,4653,4215
projecting:1,5303,4807,3925
individu:1,5410,5073,6603
doppelkummel:1,3687,6303,6370
civilities:1,6888,6447,6035
ny:1,3697,5418,4506
inscribed:1,4503,5618,4765
keyboard:1,3021,4790,5673
gratuity:1,3108,6909,6273
oxen:1,5718,7230,5965
emergence:1,3130,7617,5376
guarantees:1,1334,3947,3040
entrench:1,728,6158,3367
discomfort:1,1758,4335,1150
choppers:1,3168,3104,2441
crude:1,4714,3390,5905
contests:1,2221,5860,5569
buonapartes:1,1309,7268,5871
meanly:1,1435,6683,5847
who'd:1,5417,5110,1544
hundredweight:1,1956,4910,6574
sinfulness:1,2874,5745,4019
interlocking:1,6078,4418,4991
charme:1,4850,4177,5334
penetration:1,3316,7164,6686
ri:1,4824,4975,4445
eddies:1,5230,4894,4146
plat:1,2285,4721,4622
slime:1,2224,4655,3694
quench:1,2339,5977,6806
dudgeon:1,5967,1814,8185
collides:1,2007,3434,2958
gallows:1,3080,4169,6853
bunch:1,3734,3657,8522
recoil:1,4215,3718,7270
wafting:1,2493,1579,6246
guffaw:1,4171,6328,3774
flowered:1,6437,3444,3110
exhausting:1,2648,3915,6656
correcting:1,3229,3712,4203
repletion:1,1628,3868,2707
julner:1,3413,4916,5911
chalks:1,3423,5749,5182
schwarzenberg:1,2946,2365,4072
gwief:1,3354,2554,7458
slobbering:1,2441,4765,5623
convient:1,1043,3958,2317
sail:1,4450,5422,7629
jerkily:1,2605,7091,4065
insistently:1,3513,6521,5648
abc:1,2679,5675,2095
spiral:1,4915,6877,5697
trumpet:1,4824,3408,7754
shores:1,2317,3028,4782
wefused:1,1898,4533,4016
diffuse:1,2395,5106,3442
soyez:1,1250,3125,5514
vainglorious:1,1636,8113,3623
coquette:1,3505,6295,6754
ukranian:1,5075,7637,8798
classically:1,1456,6464,5431
scatter:1,4454,3163,5646
customers:1,4000,6559,7785
voulez:1,2252,3094,5380
capriciously:1,2487,4195,3968
directors:1,1333,5605,3875
proceedings:1,8197,2654,4120
platform:1,2426,4463,3392
seekers:1,2110,6474,2038
posting:1,4740,5360,6125
plows:1,5208,5234,6437
braiding:1,3496,3557,6825
curlpapers:1,2252,6281,2352
exhales:1,6136,2366,8408
ostralitz:1,5602,4218,7594
haunted:1,5260,4381,5714
meditate:1,2073,797,867
senility:1,2309,5769,3909
hypothesis:1,1649,2980,4276
vult:1,1935,3122,6738
wlocki:1,1917,3755,3184
pleadingly:1,3619,4397,3961
forgetful:1,6346,3126,4317
explicitly:1,5732,6734,6542
boon:1,2037,4209,4799
forsaking:1,1195,3939,4986
succeeding:1,4356,4595,1983
unprovoked:1,4097,4679,5562
trials:1,1822,7253,4440
harsher:1,3011,4941,5956
thatch:1,3218,6381,7311
barbaric:1,3950,5306,5744
dwarfs:1,2979,5874,5297
wherefore:1,3278,5642,5507
foremen:1,3856,3031,2552
criterion:1,3321,5326,7757
goddaughter:1,1628,6632,3547
ferociously:1,2430,4858,5220
gusto:1,6652,6313,2431
cellular:1,6982,5430,4516
bitterest:1,4312,3507,2937
discharging:1,4607,3676,2357
gauzy:1,2064,5886,2315
denying:1,3466,6172,3261
bounteous:1,2878,7496,3911
fourths:1,4439,7051,7905
misinformed:1,8538,3706,1316
voluminous:1,3509,3854,7756
imbibe:1,1828,4981,984
claiming:1,2758,4115,5474
undertone:1,2939,1185,6971
appealing:1,762,5397,3917
scouted:1,4068,6367,3859
porches:1,1733,5462,3406
slashed:1,4360,6945,4345
aux:1,2756,2728,5652
pane:1,3664,5764,5443
atheist:1,1982,2615,5851
villier:1,2652,5453,4726
disorders:1,3922,6269,2051
contralto:1,4374,5704,4852
marshy:1,2653,4396,3648
alarms:1,5662,5888,6068
lording:1,3972,6516,3539
upholding:1,1637,4395,5629
swearing:1,5019,4006,3655
congress:1,4231,3601,7561
picturesqueness:1,3362,3107,6564
clodhoppers:1,4578,6416,4300
noblesse:1,1863,6547,3400
clerks:1,6451,5572,2178
mulled:1,2411,6399,5999
albanians:1,4274,3918,2290
smoker:1,4355,6410,5755
smear:1,6787,4316,6045
pontoon:1,3337,3483,3816
exultation:1,5203,6815,4874
verifying:1,5255,7913,4883
outsider:1,2809,5011,5349
voit:1,5840,3736,1883
inadvertently:1,5765,4038,3578
brawler:1,1727,3412,2498
incommensurate:1,3272,2691,7182
innermost:1,8317,3045,2593
sped:1,3607,2850,4728
sundered:1,4133,4674,3751
undergrowth:1,3032,5560,5000
reload:1,4718,4438,6252
escorting:1,2625,5571,4602
indoors:1,4077,3537,9177
falsified:1,3579,2081,4659
superbe:1,1781,5257,4953
complains:1,6192,6323,6235
gesticulations:1,2085,4433,2165
tedious:1,4360,6988,5551
estranged:1,2544,6469,8640
deathbed:1,2506,811,4801
desirous:1,4461,6388,7055
drizzling:1,4294,5735,6477
tough:1,1653,5327,4682
punctually:1,2422,1792,3407
conference:1,5319,6565,7213
natures:1,6021,4937,3729
shunned:1,4851,5768,4797
unerringly:1,5000,6793,5066
elections:1,3577,4951,4891
vasilevna:1,2657,3233,4789
enfolded:1,1707,5687,2558
diverge:1,3629,7266,4926
charters:1,8623,3120,224
oasis:1,4615,6995,5546
rhythm:1,2062,5804,3986
solicitor:1,4299,6175,4538
embroidering:1,4272,4247,5151
reverberate:1,4303,5900,623
soared:1,3414,5182,6093
chiding:1,3019,7414,3828
kondratevna:1,5675,6039,4640
clustered:1,4239,7710,6432
cavern:1,1795,4464,4668
foolishness:1,2997,4718,3111
amants:1,3783,6317,5777
caress:1,2958,7733,5505
armenians:1,4839,4064,6230
tickle:1,2924,8690,3950
suffocating:1,2863,4216,5055
courtyards:1,3868,2215,2633
adequately:1,2148,1700,6761
appwove:1,4608,4830,4565
workshop:1,2308,3974,2314
ferons:1,2827,6875,5789
exhibited:1,5479,2727,9115
zere:1,2726,4950,1807
misshapen:1,3530,8649,5301
n'en:1,2554,2352,3965
surly:1,2228,5152,3442
countinghouse:1,3961,6236,4587
creek:1,6100,2935,2297
transferences:1,3187,3815,3650
tempted:1,2470,5003,4745
sickroom:1,3133,3448,5817
preponderance:1,6610,5047,3810
horseflies:1,6849,4356,4620
fatally:1,1587,4747,1294
fraulein:1,1299,2244,4533
wealthier:1,3059,6411,3464
pounce:1,3028,5830,5169
babyhood:1,3019,1498,5187
jolt:1,4716,5168,4103
gweat:1,4554,5669,7389
lion:1,3375,7062,5197
ague:1,5433,5395,4649
fateful:1,2878,4324,4633
renowned:1,3593,4667,5784
foxy:1,4143,5715,4345
haughty:1,2629,2387,7781
shuya:1,3933,4586,3461
droll:1,3893,7967,6141
charmingly:1,5173,6890,2393
basket:1,3254,3832,4187
warped:1,4465,4435,5769
screws:1,1178,5288,4745
blamelessly:1,2631,4903,4358
innovation:1,4928,7276,4701
percolating:1,1884,6334,1219
exhaled:1,3461,4651,4086
exhort:1,457,6193,6944
eccentricities:1,4058,4414,7604
playfellow:1,2849,2185,3612
chary:1,8721,3368,2482
pushkin:1,4106,950,8204
purses:1,1699,4745,6504
regenerate:1,4731,5192,6550
unripe:1,5405,3167,2752
s'accuse:1,3194,6976,4056
overrun:1,5495,5511,3402
gossner:1,2707,4989,6695
offahd:1,3275,4391,4987
squeals:1,4860,6545,3434
nonmoral:1,3476,2837,4161
examiner:1,2284,6393,4389
sumptuous:1,6914,4326,2986
persevering:1,5164,10000,4315
equaled:1,2815,3938,5624
kursk:1,1689,5544,2856
consistory:1,6913,5108,7405
intensive:1,2622,4053,3988
mori:1,3164,2970,6560
roots:1,2024,3868,6934
relinquish:1,4649,5686,2623
planed:1,2667,6106,3135
lathering:1,1796,6834,2456
glorify:1,2588,7131,4888
damage:1,3069,7718,6338
necessities:1,4119,5974,4427
stepmothers:1,2471,5065,6550
variegated:1,3444,7987,4644
oft:1,3305,4754,3894
infringement:1,3644,5654,5504
unheroic:1,3510,5845,4873
dispense:1,1765,4303,3938
stalk:1,4934,5665,5415
decays:1,2564,4099,4919
nuisances:1,2880,5198,1601
granting:1,2701,5743,5768
plethoric:1,2565,6002,7197
ma'ch:1,2373,3354,2203
postponement:1,5647,4022,3365
bolotnoe:1,3211,7167,3949
philippe:1,4741,4447,6071
gare:1,3341,5498,4182
torban:1,3071,6255,5053
principally:1,1661,4139,6464
socket:1,8561,2335,2403
allegory:1,6426,4578,4449
evacuate:1,2562,5169,1859
accelerate:1,1329,5761,2228
alliee:1,5424,6372,5969
purged:1,2562,7039,3922
antipathetic:1,2289,4536,4549
characterized:1,2879,6408,1085
hayne:1,4109,3545,5890
elucidate:1,3376,7072,5830
impact:1,3127,7075,4379
debonair:1,4901,5145,5996
protracted:1,3610,4793,4232
averting:1,3830,4903,3497
glinka:1,2835,5619,3992
thrilled:1,3884,3358,8787
exhortations:1,4539,5566,6090
vesna:1,2496,6238,4808
evewything:1,5900,4456,3349
grandiloquent:1,2743,4175,3840
admonishing:1,5206,6256,5451
wostovs:1,5082,6578,6532
hopeful:1,2192,4702,2979
vindictively:1,3847,4859,4423
tantalizing:1,7665,4005,3487
fasted:1,2924,4240,6798
smelling:1,4456,4569,5584
tourments:1,5941,2639,4781
ineffectives:1,1694,4562,2758
safeguarded:1,2943,4518,2982
desecration:1,1630,7543,4128
quest:1,5705,3829,1436
unaffected:1,6740,4112,4774
serenely:1,3895,4646,3136
deceptive:1,2465,5893,4993
m'a:1,4568,5365,7357
trickery:1,2605,6155,5185
progenitors:1,1703,3870,4888
eruption:1,5237,4717,3885
bars:1,3044,7626,2853
abounding:1,5789,5269,7507
uninfluenced:1,7236,2862,1282
swindle:1,2175,7231,3857
arbiter:1,3449,4142,4305
beseech:1,3247,3177,3538
blubberers:1,4595,5323,4815
disappears:1,3795,5147,5345
stench:1,4093,4892,4357
disbanded:1,2188,5422,5981
outflankings:1,3273,3047,8434
sevenths:1,1553,2514,5042
podnovinski:1,4363,5187,4938
continent:1,3855,6852,2488
ash:1,4415,4790,3347
remortgaged:1,5827,2678,6445
accuse:1,2765,4974,4366
richly:1,2404,5862,5028
philosophize:1,1774,5340,3510
excellence:1,4757,5443,7531
hobbledehoy:1,3280,4600,4024
misunderstand:1,1802,5774,6830
vespertime:1,3369,5143,2925
tearfully:1,3447,3771,6236
kudrino:1,3477,6165,3785
dvina:1,2025,1399,5594
surpassed:1,5649,6148,3645
fondest:1,3324,5962,2726
sewed:1,4294,6547,6074
collegiate:1,2249,1963,5762
disguising:1,2281,5229,2734
feverishness:1,1620,5207,4341
awaked:1,4038,5231,8259
loftiest:1,2297,4100,4583
realization:1,3206,4804,10000
impracticable:1,5864,4773,4828
affably:1,1971,4398,4597
debut:1,1523,2910,4783
counterattack:1,2462,8119,2685
brimming:1,2913,3220,7569
emilie:1,4811,5282,4971
fishing:1,2322,3882,1933
mislead:1,2699,4093,4849
insolubly:1,4267,4836,3310
cognizable:1,3738,3415,7241
veal:1,3834,6104,8571
arduous:1,3325,6401,4049
wealthiest:1,4379,4138,6446
listener:1,4570,5028,5721
unalterably:1,5121,4292,5048
falsehoods:1,2337,6411,4725
majesties:1,5271,5044,4544
homeless:1,1970,4221,4634
switches:1,5331,5097,4627
imaginings:1,4393,4307,4994
carve:1,2680,5981,4487
bunting:1,2284,3795,3911
disavow:1,3388,6244,6716
wool:1,2029,4588,3709
ditches:1,911,2211,5679
inseparable:1,2324,5853,2509
tawny:1,2902,5078,4550
apologies:1,2048,4132,2226
palpitating:1,3752,4716,7164
trifled:1,2889,2140,3548
twanging:1,4060,4469,5465
plucking:1,5437,4493,7348
worries:1,1821,2323,5356
accouterments:1,1657,4110,3726
deepened:1,5105,6004,3855
probation:1,4807,6343,4037
antonov:1,2035,8636,3711
meditative:1,2906,6436,5544
plum:1,5289,6751,5861
sneered:1,5218,7557,4112
pawns:1,5559,6780,6151
chained:1,4563,3102,6954
trilled:1,3757,3897,8727
bulky:1,2096,1823,6334
participants:1,2694,6300,3504
landlords:1,2509,6573,5500
waterproof:1,2500,3163,5793
animatedly:1,3942,4372,4834
pomade:1,4176,4327,1862
inimically:1,3357,4195,2997
lengthy:1,1960,6793,4561
doute:1,1884,3984,3685
spasski:1,3981,4882,5066
hatchet:1,2872,5888,4955
mamontov:1,2455,4690,3656
safi:1,1796,5168,4158
tinder:1,1917,6044,6818
semiopen:1,4696,6837,4508
graveled:1,2992,5670,4154
contemplated:1,3149,5994,3587
hips:1,4522,5062,3963
stabbed:1,3287,5526,5044
elisabeth:1,1923,6153,2609
sweeping:1,4853,5555,3643
epithet:1,1997,4783,5312
alders:1,3782,5257,3592
w'iting:1,2136,4730,3593
sardonically:1,1926,4778,6035
confounding:1,3848,6298,6351
impersonate:1,4091,5104,6862
windowpanes:1,2630,5022,6318
brindled:1,3478,6747,3540
thundercloud:1,3515,4169,6169
o'erpassed:1,5102,7489,4320
befriend:1,3712,5271,4461
inapt:1,6015,3796,4339
rubbishy:1,2348,7411,3644
throttling:1,2900,5049,6046
mien:1,2425,3304,4515
unforeseen:1,3355,6248,6672
kempis:1,4655,7062,7034
infringes:1,2337,5005,2836
l'etat:1,3735,5097,5426
intentional:1,3856,5682,6648
m'etre:1,2471,4829,3059
concurrently:1,3887,4896,7366
arithmetic:1,4736,6080,4598
strut:1,3787,7353,5365
buttonhole:1,3466,5600,3945
sheer:1,2402,5067,5074
scuttle:1,3837,3416,8056
candlesticks:1,3457,7537,3833
recur:1,179,5364,2850
utensils:1,3858,5708,3914
oreille:1,3046,6078,6107
tireless:1,1451,5471,3620
fronted:1,2638,6929,4809
afford:1,2929,4795,5100
gasconades:1,1044,5727,2199
starwise:1,3324,5278,5336
outlining:1,2759,5694,3420
heals:1,3523,7750,5370
flakes:1,2697,3801,3491
immovability:1,2331,7090,5754
sabastiani:1,2446,6495,4079
remounted:1,3484,7076,4559
northwesterly:1,3907,6617,5824
untroubled:1,2708,6369,2469
